0
-256
4912
15424
8208
4496
6496
3344
5184
5024
6368
5712
6048
6272
5136
5040
3616
3184
2800
1648
2816
2336
3648
4544
4624
5712
5264
6096
5856
5632
5584
4608
5488
5840
6576
7680
7488
8368
7760
7568
8128
7392
7456
6480
6224
6544
5616
6144
5600
5552
6080
4960
5664
4992
5248
5744
5056
6320
5856
6368
6864
6464
7392
6816
7200
6624
5648
2240
-2704
-5184
-5008
-1584
3184
6176
3680
2592
-96
-3600
-4560
-6736
-6608
-5984
-4112
-2256
-2576
-576
-752
-2720
-3488
-5392
-4784
-3728
-1776
-2544
-4944
-2448
-2288
-3696
-5008
-4288
-144
1664
4448
5616
2704
64
-3680
-4896
-4288
-5392
-5552
-5360
-1280
304
-768
1728
2352
1760
208
512
1120
736
2576
336
-1104
1168
720
1168
1584
1216
688
-1696
-3776
-5648
-5248
-4608
-4224
-1920
-2496
-3184
-4352
-7472
-7936
-7472
-4928
-2064
336
1440
-1408
-1600
-1520
-2848
-2976
-1760
1936
640
-464
1584
1168
2736
1664
112
384
1824
3776
1984
4032
4688
272
-2256
-4272
-3248
-192
2784
4720
4688
6816
7376
5376
3024
2064
4944
6208
7584
8192
6128
5040
-336
-3760
-2704
-2976
-3152
-3648
896
3632
1152
2480
3072
4384
6944
6608
5904
5488
6816
5744
3760
4592
4496
6560
8016
7728
7776
6064
5120
5152
5008
5184
4032
4736
5008
5648
7648
6544
5312
2320
2464
5840
7520
8016
5040
4560
5024
3360
2544
2480
6352
7296
5936
5696
2224
1152
-672
-3904
-2656
-256
1392
-144
944
3696
1632
1072
-1808
-4144
-2048
-384
1664
368
1664
3920
1504
896
-1344
-2384
-1936
432
3040
1920
2704
-464
-4240
-3328
-3376
-1728
-1056
2608
5728
2672
2944
1248
368
3040
3040
3792
5008
8016
7872
3792
4592
3472
3264
5408
4448
5584
3696
1776
1184
1856
4208
3216
4736
5792
5728
6192
2496
1136
-848
-1728
2976
6848
8656
6800
7056
7888
5632
4496
4720
6800
8160
7760
8176
8656
9856
9632
8304
8032
6880
7056
7360
8176
11120
11728
10864
8368
6480
7632
8752
10592
10480
11056
12832
11392
10064
8432
7440
6656
6016
6944
6912
8320
8640
7392
8560
8432
6464
4176
5552
7680
5152
4896
4224
3664
7376
9360
9456
9488
10960
10960
7648
6048
4128
4992
6864
6544
8304
8416
8032
7616
6304
7344
7520
7360
7712
7904
7328
5168
4560
2064
-2336
-1568
2688
6192
6128
5040
7088
6176
3600
2128
4192
7024
6320
6112
5424
4912
3552
-928
-2608
-2336
-2944
-2224
-384
2128
2528
2672
2048
-1216
-624
304
1200
2416
1520
3456
3856
3424
2368
1328
2400
1664
3936
6288
7968
9264
5776
3824
1792
-1920
-2368
608
5600
5856
5040
4976
2928
5552
7536
7584
8224
8320
8080
6160
4192
2848
3552
6400
6752
6624
5552
3888
3616
2064
2064
1520
208
2816
3904
3664
1360
-896
-2080
-5184
-5008
-2592
976
1280
-160
2800
2848
1120
-864
-3408
-912
-1152
-2576
-944
480
1712
-1696
-3504
-2112
-3296
-2416
-1168
1296
2544
80
-2224
-6384
-7200
-6880
-6816
-4736
-4464
-2096
-2064
-3248
-3568
-5600
-5168
-6560
-6640
-4912
-3904
-3424
-6720
-7616
-8192
-10704
-11024
-11120
-8880
-8112
-8704
-8464
-9872
-7712
-5728
-6688
-6000
-7104
-7264
-7280
-8576
-8592
-9136
-7904
-7376
-7104
-5856
-5296
-4048
-5728
-6912
-7584
-8960
-7392
-6832
-6096
-6640
-7504
-7648
-10272
-10640
-9296
-6848
-4672
-5568
-5168
-5568
-7056
-8224
-9312
-7200
-6960
-7776
-7664
-8192
-7152
-9664
-11328
-10688
-11792
-11712
-12032
-11280
-9424
-8176
-7664
-9472
-9888
-9776
-10848
-10176
-9744
-8064
-6832
-6848
-6448
-7568
-7520
-7696
-7216
-5440
-3792
-1936
-3808
-5584
-6288
-9152
-8976
-6656
-3440
-1472
-1632
-2928
-7712
-8032
-6496
-7152
-4544
-4080
-3504
-1472
-2528
-2816
-3584
-2416
-848
-1168
-368
-2000
-3712
-5088
-5904
-5616
-6848
-5232
-4208
-5200
-6224
-7840
-7456
-8656
-9152
-6976
-4336
-1056
-1728
-2752
-1920
-1856
-3024
-5296
-4880
-5360
-6160
-4752
-2608
1360
48
-3392
-3792
-5616
-5840
-5808
-5200
-2528
-976
832
-496
-3088
-3680
-5456
-4384
-3520
-2352
464
704
2496
1936
576
-1296
-5344
-5392
-4752
-3088
-2784
-2896
-1040
-4800
-7920
-8192
-8352
-7216
-6704
-6800
-9120
-9552
-8016
-7136
-4112
-2720
-992
912
-1344
-3744
-5824
-6384
-4896
-5536
-4048
-2512
-3296
-3328
-4448
-4864
-6144
-5584
-3472
-3968
-2384
-3024
-3264
-3280
-6272
-6032
-5376
-2608
-1040
-2032
-272
-1184
-2320
-2560
-2032
-144
-544
16
1200
2512
1344
-1824
-2704
-3792
-3936
-3424
-3408
-1136
432
1712
2816
2752
3808
2752
2480
1952
848
3680
4640
5920
6288
5008
4672
1904
3600
6752
8896
9680
8176
8688
5440
1184
1696
2496
5056
8240
8608
7568
7040
8256
8384
9088
9616
9424
10336
9856
9280
8160
7408
8816
8512
9120
9392
8416
8592
7680
7488
6512
6096
6288
5152
5952
4912
5040
5456
2416
2192
1024
3168
6752
5632
7264
6848
6192
6176
4720
5472
4416
3792
4784
5664
7056
6032
5280
4800
5072
5344
3840
4928
5920
5904
6304
4528
2928
896
160
1504
1584
4000
4160
4544
5840
5312
6128
4880
4000
5248
5536
5408
3920
4592
2784
-1952
-2928
-4608
-3488
-1424
-1328
-640
-512
1808
2864
2848
4160
3264
5056
7104
7744
6512
3296
3264
2448
3088
5312
4992
6496
6672
4880
3408
4192
5792
5472
7120
7744
7328
7248
5296
4784
4992
6976
9152
8016
8480
7056
5920
6224
5072
6208
5456
5536
6832
6768
8272
7632
6544
6240
5728
4832
832
-352
544
1424
4064
4544
5056
4848
3168
2608
1776
3344
4048
3744
5104
5104
4672
2720
512
1728
2608
2464
1728
2864
2112
-2032
-2032
-3040
-1312
2432
3824
4624
1760
-160
-608
-528
912
224
528
2432
3104
2176
-656
-1360
-1632
-1440
-48
-1712
-2176
-3040
-5376
-5712
-5024
-2096
-2000
-4352
-4816
-6144
-5872
-6000
-6880
-8560
-8800
-7008
-7104
-5056
-3584
-4896
-4976
-6032
-6672
-8064
-8848
-6720
-6320
-4464
-3040
-3472
-3760
-5008
-5872
-7072
-7472
-6048
-5136
-2704
-1600
-2480
-3088
-4832
-5280
-6480
-6400
-5568
-6288
-3968
-2592
-1776
-3264
-6400
-5936
-6496
-7600
-7632
